30	28	0	0	2	0
30	28	0	0	2	0
30	29	0	0	1	0
30	29	0	0	1	0
30	29	0	0	1	0
10	9	0	0	1	0
10	9	0	0	1	0
10	9	0	0	1	0
30	29	0	0	1	0
30	29	0	0	1	0
30	29	0	0	1	0
30	29	0	0	1	0
30	29	0	0	1	0
30	29	0	0	1	0
30	29	0	0	1	0
10	9	0	0	1	0
10	9	0	0	1	0
10	9	0	0	1	0
10	9	0	0	1	0
10	9	0	0	1	0
10	9	0	0	1	0
10	9	0	0	1	0
10	9	0	0	1	0
10	9	0	0	1	0
10	9	0	0	1	0
10	9	0	0	1	0
10	9	0	0	1	0
10	9	0	0	1	0
10	9	0	0	1	0
10	9	0	0	1	0
10	9	0	0	1	0
10	9	0	0	1	0
10	9	0	0	1	0
10	9	0	0	1	0
10	9	0	0	1	0
10	9	0	0	1	0
10	9	0	0	1	0
10	9	0	0	1	0
10	9	0	0	1	0
10	9	0	0	1	0
10	9	0	0	1	0
10	9	0	0	1	0
10	9	0	0	1	0
10	9	0	0	1	0
10	9	0	0	1	0
10	9	0	0	1	0
10	9	0	0	1	0
10	9	0	0	1	0
10	9	0	0	1	0
10	9	0	0	1	0
10	9	0	0	1	0
10	9	0	0	1	0
10	9	0	0	1	0
10	9	0	0	1	0
10	9	0	0	1	0
10	9	0	0	1	0
10	9	0	0	1	0
10	9	0	0	1	0
10	9	0	0	1	0
10	9	0	0	1	0
10	9	0	0	1	0
10	9	0	0	1	0
10	9	0	0	1	0
10	9	0	0	1	0
10	9	0	0	1	0
10	9	0	0	1	0
10	9	0	0	1	0
10	9	0	0	1	0
10	9	0	0	1	0
10	9	0	0	1	0
10	9	0	0	1	0
10	9	0	0	1	0
10	9	0	0	1	0
10	9	0	0	1	0
10	9	0	0	1	0
10	9	0	0	1	0
10	9	0	0	1	0
10	9	0	0	1	0
10	9	0	0	1	0
10	9	0	0	1	0
10	9	0	0	1	0
10	9	0	0	1	0
10	9	0	0	1	0
10	9	0	0	1	0
10	9	0	0	1	0
10	9	0	0	1	0
10	9	0	0	1	0
10	9	0	0	1	0
10	9	0	0	1	0
10	9	0	0	1	0
10	9	0	0	1	0
10	9	0	0	1	0
10	9	0	0	1	0
10	9	0	0	1	0
10	9	0	0	1	0
10	9	0	0	1	0
10	9	0	0	1	0
10	9	0	0	1	0
10	9	0	0	1	0
10	9	0	0	1	0
10	9	0	0	1	0
10	9	0	0	1	0
10	9	0	0	1	0
10	9	0	0	1	0
10	9	0	0	1	0
10	9	0	0	1	0
10	9	0	0	1	0
10	9	0	0	1	0
10	9	0	0	1	0
10	9	0	0	1	0
10	9	0	0	1	0
10	9	0	0	1	0
10	9	0	0	1	0
10	9	0	0	1	0
10	9	0	0	1	0
10	9	0	0	1	0
10	9	0	0	1	0
10	9	0	0	1	0
10	9	0	0	1	0
10	9	0	0	1	0
10	9	0	0	1	0
10	9	0	0	1	0
10	9	0	0	1	0
10	9	0	0	1	0
10	9	0	0	1	0
10	9	0	0	1	0
10	9	0	0	1	0
10	9	0	0	1	0
10	9	0	0	1	0
10	9	0	0	1	0
10	9	0	0	1	0
10	9	0	0	1	0
10	9	0	0	1	0
10	9	0	0	1	0
10	9	0	0	1	0
10	9	0	0	1	0
10	9	0	0	1	0
10	9	0	0	1	0
10	9	0	0	1	0
10	9	0	0	1	0
10	9	0	0	1	0
10	9	0	0	1	0
10	9	0	0	1	0
10	9	0	0	1	0
10	9	0	0	1	0
10	9	0	0	1	0
10	9	0	0	1	0
10	9	0	0	1	0
10	9	0	0	1	0
10	9	0	0	1	0
10	9	0	0	1	0
10	9	0	0	1	0
10	9	0	0	1	0
10	9	0	0	1	0
10	9	0	0	1	0
10	9	0	0	1	0
10	9	0	0	1	0
10	9	0	0	1	0
10	9	0	0	1	0
10	9	0	0	1	0
10	9	0	0	1	0
10	9	0	0	1	0
10	9	0	0	1	0
10	9	0	0	1	0
10	9	0	0	1	0
10	9	0	0	1	0
10	9	0	0	1	0
10	9	0	0	1	0
10	9	0	0	1	0
10	9	0	0	1	0
10	9	0	0	1	0
10	9	0	0	1	0
10	7	1	1	2	0
10	7	1	1	2	0
10	7	1	1	2	0
10	7	1	1	2	0
10	7	1	1	2	0
10	7	1	1	2	0
10	7	1	1	2	0
10	7	1	1	2	0
10	7	1	1	2	0
10	7	1	1	2	0
10	7	1	1	2	0
10	7	1	1	2	0
10	7	1	1	2	0
10	7	1	1	2	0
10	7	1	1	2	0
10	7	1	1	2	0
10	7	1	1	2	0
10	7	1	1	2	0
10	7	1	1	2	0
10	7	1	1	2	0
10	7	1	1	2	0
10	7	1	1	2	0
10	7	1	1	2	0
10	7	1	1	2	0
10	7	1	1	2	0
10	7	1	1	2	0
10	7	1	1	2	0
10	7	1	1	2	0
10	7	1	1	2	0
10	7	1	1	2	0
10	7	1	1	2	0
10	7	1	1	2	0
10	7	1	1	2	0
10	7	1	1	2	0
10	7	1	1	2	0
10	7	1	1	2	0
10	7	1	1	2	0
10	7	1	1	2	0
10	7	1	1	2	0
10	7	1	1	2	0
10	7	1	1	2	0
10	7	1	1	2	0
10	5	1	2	4	0
10	5	1	2	4	0
10	7	1	1	2	0
10	7	1	1	2	0
10	7	1	1	2	0
10	7	1	1	2	0
10	7	1	1	2	0
10	7	1	1	2	0
10	7	1	1	2	0
10	7	1	1	2	0
10	7	1	1	2	0
10	7	1	1	2	0
10	7	1	1	2	0
10	7	1	1	2	0
10	7	1	1	2	0
10	7	1	1	2	0
10	7	1	1	2	0
10	7	1	1	2	0
10	7	1	1	2	0
10	7	1	1	2	0
10	7	1	1	2	0
10	7	1	1	2	0
10	7	1	1	2	0
10	7	1	1	2	0
10	7	1	1	2	0
10	7	1	1	2	0
10	7	1	1	2	0
10	7	1	1	2	0
10	7	1	1	2	0
10	7	1	1	2	0
10	7	1	1	2	0
10	7	1	1	2	0
10	7	1	1	2	0
10	7	1	1	2	0
10	7	1	1	2	0
10	7	1	1	2	0
10	7	1	1	2	0
10	7	1	1	2	0
10	7	1	1	2	0
10	7	1	1	2	0
10	7	1	1	2	0
10	7	1	1	2	0
10	7	1	1	2	0
10	6	2	1	2	0
10	6	2	1	2	0
10	6	2	1	2	0
10	6	2	1	2	0
10	6	2	1	2	0
10	6	2	1	2	0
10	6	2	1	2	0
10	6	2	1	2	0
10	6	2	1	2	0
10	6	2	1	2	0
10	6	2	1	2	0
10	6	2	1	2	0
10	6	2	1	2	0
10	6	2	1	2	0
10	6	2	1	2	0
10	6	2	1	2	0
10	6	2	1	2	0
10	6	2	1	2	0
10	6	2	1	2	0
10	6	2	1	2	0
10	6	2	1	2	0
10	6	2	1	2	0
10	6	2	1	2	0
10	6	2	1	2	0
10	6	2	1	2	0
10	6	2	1	2	0
10	6	2	1	2	0
10	6	2	1	2	0
10	6	2	1	2	0
10	6	2	1	2	0
10	6	2	1	2	0
10	6	2	1	2	0
10	6	2	1	2	0
10	6	2	1	2	0
10	6	2	1	2	0
10	6	2	1	2	0
10	7	1	1	2	70
10	7	1	1	2	70
10	7	1	1	2	70
10	7	1	1	2	70
10	7	1	1	2	70
10	7	1	1	2	70
10	7	1	1	2	70
10	7	1	1	2	70
10	7	1	1	2	70
10	7	1	1	2	70
10	7	1	1	2	70
10	7	1	1	2	70
10	7	1	1	2	70
10	7	1	1	2	70
10	7	1	1	2	70
10	7	1	1	2	70
10	7	1	1	2	70
10	7	1	1	2	70
10	7	1	1	2	70
10	7	1	1	2	70
10	7	1	1	2	70
10	7	1	1	2	70
10	7	1	1	2	70
10	7	1	1	2	70
10	7	1	1	2	70
10	7	1	1	2	70
10	7	1	1	2	70
10	7	1	1	2	70
10	7	1	1	2	70
10	7	1	1	2	70
10	7	1	1	2	70
10	7	1	1	2	70
10	7	1	1	2	70
10	7	1	1	2	70
10	7	1	1	2	70
10	7	1	1	2	70
10	7	1	1	2	70
10	7	1	1	2	70
10	7	1	1	2	70
10	7	1	1	2	70
10	7	1	1	2	70
10	7	1	1	2	70
10	7	1	1	2	70
10	6	1	2	3	60
10	6	1	2	3	60
10	6	1	2	3	60
10	6	1	2	3	60
10	6	1	2	3	60
10	6	1	2	3	60
10	6	1	2	3	60
10	6	1	2	3	60
10	6	1	2	3	60
10	6	1	2	3	60
10	6	1	2	3	60
10	6	1	2	3	60
10	6	1	2	3	60
10	6	1	2	3	60
10	6	1	2	3	60
10	6	1	2	3	60
10	6	1	2	3	60
10	6	1	2	3	60
10	6	1	2	3	60
10	6	1	2	3	60
10	6	1	2	3	60
10	6	1	2	3	60
10	6	1	2	3	60
10	6	1	2	3	60
10	6	1	2	3	60
10	6	1	2	3	60
10	6	1	2	3	60
10	6	1	2	3	60
10	6	1	2	3	60
10	6	1	2	3	60
10	6	1	2	3	60
10	6	1	2	3	60
10	6	1	2	3	60
10	6	1	2	3	60
10	6	1	2	3	60
10	6	1	2	3	60
10	6	1	2	3	60
10	6	1	2	3	60
10	6	1	2	3	60
10	6	1	2	3	60
10	7	1	1	2	70
10	7	1	1	2	70
10	7	1	1	2	70
10	7	1	1	2	70
10	7	1	1	2	70
10	7	1	1	2	70
10	7	1	1	2	70
10	6	1	2	3	60
10	6	1	2	3	60
10	6	1	2	3	60
10	6	1	2	3	60
10	6	1	2	3	60
10	6	1	2	3	60
10	6	1	2	3	60
10	6	1	2	3	60
10	8	1	0	1	80
10	7	1	1	2	70
10	7	1	1	2	70
10	7	1	1	2	70
10	7	1	1	2	70
10	7	1	1	2	70
10	7	1	1	2	70
10	7	1	1	2	70
10	7	1	1	2	70
10	7	1	1	2	70
10	7	1	1	2	70
10	7	1	1	2	70
10	7	1	1	2	70
10	7	1	1	2	70
10	7	1	1	2	70
10	7	1	1	2	70
10	7	1	1	2	70
10	7	1	1	2	70
10	7	1	1	2	70
10	7	1	1	2	70
10	7	1	1	2	70
10	7	1	1	2	70
10	7	1	1	2	70
10	7	1	1	2	70
10	7	1	1	2	70
10	7	1	1	2	70
10	7	1	1	2	70
10	7	1	1	2	70
10	7	1	1	2	70
10	7	1	1	2	70
10	7	1	1	2	70
10	7	1	1	2	70
10	7	1	1	2	70
10	7	1	1	2	70
10	7	1	1	2	70
10	7	1	1	2	70
10	7	1	1	2	70
10	7	1	1	2	70
10	7	1	1	2	70
10	7	1	1	2	70
10	7	1	1	2	70
10	7	1	1	2	70
10	7	1	1	2	70
10	5	2	2	3	50
10	5	2	2	3	50
10	6	1	2	3	60
10	7	1	1	2	70
10	4	3	3	3	40
